$ 3 0.000005 382.76258214399064 50 5 50 5e-11
w 1760 -48 1848 -48 0
w 1760 -120 1760 -48 0
w 1624 -120 1760 -120 0
w 1808 -80 1848 -80 0
w 1808 -152 1808 -80 0
w 1624 -152 1808 -152 0
w 1848 -184 1848 -112 0
w 1624 -184 1848 -184 0
w 1744 -256 1848 -256 0
w 1744 -216 1744 -256 0
w 1624 -216 1744 -216 0
w 1704 -288 1848 -288 0
w 1704 -248 1704 -288 0
w 1624 -248 1704 -248 0
w 1664 -320 1848 -320 0
w 1664 -280 1664 -320 0
w 1624 -280 1664 -280 0
w 1624 -352 1848 -352 0
w 1624 -312 1624 -352 0
g 1496 -312 1440 -312 0 0
197 1496 -312 1648 -312 0
r 1936 -48 1848 -48 0 1000
r 1936 -80 1848 -80 0 1000
r 1936 -112 1848 -112 0 1000
r 1936 -256 1848 -256 0 1000
r 1936 -288 1848 -288 0 1000
r 1936 -320 1848 -320 0 1000
r 1936 -352 1848 -352 0 1000
w 2016 -48 1936 -48 0
w 2016 -112 2016 -48 0
w 2000 -80 1936 -80 0
w 2000 -112 2000 -80 0
w 1984 -112 1936 -112 0
w 2032 -256 1936 -256 0
w 2032 -208 2032 -256 0
w 2016 -288 1936 -288 0
w 2016 -208 2016 -288 0
w 2000 -320 1936 -320 0
w 2000 -208 2000 -320 0
w 1984 -352 1936 -352 0
w 1984 -208 1984 -352 0
g 2032 -112 2032 -72 0 0
g 2048 -208 2048 -240 0 0
157 1968 -192 2008 -192 4097 7 1 1
w 1416 -280 1496 -280 0
w 1440 -248 1496 -248 0
w 1496 -56 1496 -216 0
R 640 -712 528 -712 0 0 40 7.12 0 0 0.5
a 648 -592 720 -592 10 5 0 1000000 6.499999999999999 7.12 100000
a 648 -544 720 -544 10 5 0 1000000 5.499999999999997 7.12 100000
a 648 -496 720 -496 10 5 0 1000000 4.499999999999998 7.12 100000
a 648 -448 720 -448 10 5 0 1000000 3.4999999999999987 7.12 100000
a 648 -400 720 -400 10 5 0 1000000 2.499999999999999 7.12 100000
a 648 -352 720 -352 10 5 0 1000000 1.4999999999999996 7.12 100000
a 648 -304 720 -304 10 5 0 1000000 0.4999999999999999 7.12 100000
r 616 -648 616 -600 0 500
r 616 -600 616 -552 0 1000
r 616 -552 616 -504 0 1000
r 616 -504 616 -456 0 1000
r 616 -456 616 -408 0 1000
r 616 -408 616 -360 0 1000
r 616 -360 616 -312 0 1000
r 616 -312 616 -264 0 500
R 616 -648 576 -648 0 0 40 7 0 0 0.5
w 616 -600 648 -600 0
w 616 -552 648 -552 0
w 616 -504 648 -504 0
w 616 -456 648 -456 0
w 616 -408 648 -408 0
w 616 -360 648 -360 0
w 616 -312 648 -312 0
w 648 -584 648 -536 0
w 648 -536 648 -488 0
w 648 -488 648 -440 0
w 648 -440 648 -392 0
w 648 -392 648 -344 0
w 648 -344 648 -296 0
w 648 -584 648 -632 0
g 616 -264 616 -256 0 0
154 832 -288 896 -288 1 7 5 5
w 720 -304 720 -264 0
w 720 -264 832 -264 0
w 720 -352 728 -352 0
w 728 -352 728 -272 0
w 728 -272 832 -272 0
w 720 -400 736 -400 0
w 736 -400 736 -280 0
w 736 -280 832 -280 0
w 720 -448 744 -448 0
w 744 -448 744 -288 0
w 744 -288 832 -288 0
w 720 -496 752 -496 0
w 752 -496 752 -296 0
w 752 -296 832 -296 0
w 720 -544 760 -544 0
w 760 -544 760 -304 0
w 760 -304 832 -304 0
w 720 -592 768 -592 0
w 768 -592 768 -312 0
w 768 -312 832 -312 0
154 824 -360 896 -360 1 3 5 5
w 728 -352 824 -352 0
w 824 -360 792 -360 0
w 824 -368 800 -368 0
w 792 -360 792 -448 0
w 792 -448 744 -448 0
w 800 -368 800 -544 0
w 800 -544 760 -544 0
w 792 -448 896 -448 0
w 896 -288 896 -328 0
w 896 -448 896 -392 0
w 896 -392 920 -392 0
w 896 -360 920 -360 0
w 896 -328 920 -328 0
w -200 -568 -248 -568 0
w 24 -712 184 -712 0
R -680 -744 -712 -712 0 1 5 10 0 0 0.5
w -56 -664 -56 -696 0
g -248 -568 -248 -536 0 0
w -200 -632 -200 -568 0
w 24 -664 24 -712 0
w -56 -664 24 -664 0
w 24 -792 24 -712 0
w -104 -792 24 -792 0
w -264 -792 -168 -792 0
w -264 -728 -264 -792 0
c -168 -792 -104 -792 4 1.0000000000000001e-7 -2.778354436437618 0.001 0
w -200 -728 -56 -728 0
a -56 -712 24 -712 9 15 -15 1000000 3.792668872245677 3.7927067989343994 100000
c -200 -728 -200 -632 4 1.0000000000000001e-7 3.7927067989343994 0.001 0
r -264 -728 -200 -728 0 160000
r -328 -728 -264 -728 0 250000
w 640 -712 648 -712 0
w 648 -712 648 -632 0
a -480 -728 -328 -728 9 15 -15 1000000 -4.824267678295207 -4.824315920971991 100000
r -680 -744 -576 -744 0 10000
c -544 -712 -544 -584 4 0.000001 -4.824315920971991 0.001 0
w -576 -744 -480 -744 0
w -544 -712 -544 -704 0
w -480 -712 -480 -672 0
w -480 -672 -368 -672 0
g -544 -584 -544 -544 0 0
w -368 -672 -328 -728 0
w -544 -704 -576 -744 0
g 1016 -712 1016 -696 0 0
w 904 -776 920 -776 0
w 856 -776 904 -776 0
w 904 -936 904 -776 0
r 1096 -936 904 -936 0 300000
w 1096 -808 1096 -936 0
w 1096 -808 1048 -808 0
w 1048 -904 1048 -840 0
w 984 -904 1048 -904 0
165 920 -872 936 -872 6 0.000018939047133353206
R 856 -904 824 -904 0 0 40 10 0 0 0.5
w 856 -904 984 -904 0
r 856 -776 856 -904 0 1000000
g 856 -680 856 -664 0 0
c 856 -744 856 -680 4 3e-7 5.681733079053096 0.001 0
w 856 -744 920 -744 0
w 856 -776 856 -744 0
155 1136 -392 1232 -392 0 5
155 1136 -224 1208 -224 0 5
155 1136 -48 1224 -48 0 5
w 920 -392 1136 -392 0
w 920 -360 1032 -360 0
w 1032 -360 1032 -224 0
w 1032 -224 1136 -224 0
w 920 -328 1008 -328 0
w 1008 -328 1008 -48 0
w 1008 -48 1136 -48 0
w 1096 -808 1096 -360 0
w 1096 -360 1136 -360 0
w 1096 -360 1096 -192 0
w 1096 -192 1136 -192 0
w 1096 -192 1096 -16 0
w 1096 -16 1136 -16 0
w 1232 -392 1376 -392 0
w 1376 -392 1376 -280 0
w 1376 -280 1416 -280 0
w 1232 -224 1440 -224 0
w 1440 -224 1440 -248 0
w 1232 -48 1496 -48 0
w 1496 -48 1496 -56 0
o 115 64 0 4099 10 0.00009765625 0 2 115 3
o 171 64 0 4099 10 0.00009765625 1 2 171 3
38 47 F1 0 0 8 -1 LIGHT\sINTENSITY\s2
38 148 F1 0 1000 1000000 -1 TIME\sSIGNAL
38 116 F1 0 0 10 -1 LIGHT\sINTENSITY
38 116 F1 3 0 100 -1 LDR\sINPUT\sFREQUENCY
38 156 F1 0 1000 1000000 -1 Resistance
