$ 3 5 382.76258214399064 50 5 43 5e-11
w 4104 1800 4128 1800 0
w 4104 1928 4104 1800 0
w 4104 1928 4128 1928 0
w 4112 2056 4104 1928 0
w 4112 2056 4128 2056 0
w 4112 2248 4112 2056 0
w 2984 2248 4112 2248 0
w 2984 2032 2984 2248 0
w 2784 2032 2984 2032 0
w 2784 1808 2784 2032 0
w 2432 1808 2784 1808 0
w 2432 1864 2432 1808 0
w 2032 1856 2432 1864 0
w 2032 1776 2032 1856 0
w 4088 2024 4128 2024 0
w 4088 2024 4088 1896 0
w 4088 1896 4128 1896 0
w 4088 1896 4088 1768 0
w 4088 1768 4128 1768 0
w 4088 2232 4088 2024 0
w 4048 2232 4088 2232 0
w 3016 2232 4048 2232 0
w 3016 2192 3016 2232 0
w 3016 1800 3016 2192 0
w 2984 1800 3016 1800 0
w 2424 1800 2984 1800 0
w 2424 1848 2424 1800 0
w 1952 1840 2424 1848 0
w 4064 1856 4128 1992 0
w 4064 1840 4128 1864 0
w 4064 1824 4128 1736 0
155 4128 1992 4184 1992 2 5
155 4128 1864 4184 1864 2 0
w 1952 1808 1952 1840 0
w 1952 1704 1952 1808 0
w 1440 1704 1952 1704 0
155 4128 1736 4184 1736 2 5
R 2256 1760 2256 1808 0 0 40 5 0 0 0.5
w 2232 1744 2280 1744 0
w 2064 1632 2032 1712 0
160 2256 1760 2304 1760 2 20 10000000000 2.5
w 2176 1744 2232 1744 0
w 2512 1512 2512 1544 0
w 2304 1512 2512 1512 0
w 2304 1744 2304 1512 0
w 2064 1744 2080 1744 0
w 2064 1704 2064 1744 0
w 2224 1704 2064 1704 0
w 2224 1808 2224 1704 0
w 2176 1808 2224 1808 0
w 2032 1776 2080 1776 0
w 2032 1712 2032 1776 0
155 2080 1744 2176 1744 2 5
w 856 1560 760 1560 0
w 848 1544 760 1544 0
I 904 1560 856 1560 0 0.5 5
I 888 1544 848 1544 0 0.5 5
w 832 1568 912 1568 0
w 760 1568 832 1568 0
w 680 1552 680 1440 0
w 2064 1416 2064 1632 0
w 520 1344 680 1344 0
w 512 1688 520 1344 0
w 1568 1672 1280 1672 0
w 2256 1680 1568 1672 0
w 2256 1472 2256 1680 0
w 2624 1472 2256 1472 0
w 2624 1640 2624 1472 0
164 680 1344 936 1344 0 4 0 5 5 5 false 0
419 976 1344 1072 1344 0 4
w 776 1344 864 1344 0
w 776 1376 888 1376 0
w 776 1408 904 1408 0
w 776 1440 912 1440 0
150 760 1552 680 1552 1 4 0 5
w 848 1536 760 1536 0
w 864 1344 976 1344 0
w 864 1344 864 1536 0
w 864 1536 848 1536 0
w 888 1376 976 1376 0
w 888 1376 888 1544 0
w 904 1408 976 1408 0
w 904 1408 904 1560 0
w 912 1440 976 1440 0
w 912 1440 912 1568 0
w 4432 1144 4632 1144 0
w 3440 1120 3440 1144 0
w 3208 1120 3440 1120 0
w 3664 984 3648 984 0
R 2176 1416 2176 1496 0 0 40 5 0 0 0.5
w 2064 1120 2216 1120 0
w 2064 1416 2064 1120 0
s 2064 1416 2176 1416 0 1 true
w 4840 1384 4832 952 0
w 4720 1384 4840 1384 0
w 5600 952 5608 952 0
w 3416 1384 4720 1384 0
w 4832 952 4840 952 0
w 4960 1400 4960 952 0
w 4632 1400 4960 1400 0
w 3408 1400 4632 1400 0
w 4960 952 4968 952 0
w 5088 1416 5088 952 0
w 4312 1416 5088 1416 0
w 3400 1416 4312 1416 0
w 4416 1096 4632 1096 0
w 3200 1096 3440 1096 0
w 4592 1208 4576 1208 0
w 4592 952 4592 1208 0
w 4664 952 4592 952 0
w 5088 952 5096 952 0
w 5232 1432 5240 952 0
w 4984 1432 5232 1432 0
w 3392 1432 4984 1432 0
w 5344 1448 5344 952 0
w 4888 1448 5344 1448 0
w 3384 1448 4888 1448 0
w 5344 952 5352 952 0
w 5472 1464 5472 952 0
w 4744 1464 5472 1464 0
w 3376 1464 4744 1464 0
w 5472 952 5480 952 0
w 5600 1480 5600 952 0
w 4960 1480 5600 1480 0
w 4312 1480 4960 1480 0
w 3368 1480 4312 1480 0
w 5784 920 5720 920 0
w 5784 1496 5784 920 0
w 4824 1496 5784 1496 0
w 3352 1496 4824 1496 0
w 4528 952 4544 952 0
w 4544 1272 4544 952 0
w 3984 1272 4544 1272 0
w 3216 1272 3984 1272 0
w 3216 1560 3216 1272 0
w 3224 1544 3208 1544 0
w 4408 952 4416 952 0
w 4408 1264 4408 952 0
w 3760 1264 4408 1264 0
w 3208 1264 3760 1264 0
w 3208 1544 3208 1264 0
w 4280 952 4288 952 0
w 4280 1256 4280 952 0
w 4208 1256 4280 1256 0
w 3200 1256 4208 1256 0
w 3200 1528 3200 1256 0
w 4152 952 4160 952 0
w 4152 1248 4152 952 0
w 3864 1248 4152 1248 0
w 3192 1248 3864 1248 0
w 3192 1512 3192 1248 0
w 4024 952 4032 952 0
w 4024 1240 4024 952 0
w 3912 1240 4024 1240 0
w 3184 1240 3912 1240 0
w 3184 1496 3184 1240 0
w 3896 952 3904 952 0
w 3896 1232 3896 952 0
w 3672 1232 3896 1232 0
w 3176 1232 3672 1232 0
w 3176 1480 3176 1232 0
w 3768 952 3776 952 0
w 3768 1224 3768 952 0
w 3656 1224 3768 1224 0
w 3168 1224 3656 1224 0
w 3168 1464 3168 1224 0
w 3640 952 3648 952 0
w 3640 1216 3640 952 0
w 3160 1216 3640 1216 0
w 3160 1448 3160 1216 0
w 3368 952 3472 952 0
w 3368 1176 3368 952 0
w 3128 1176 3368 1176 0
w 3128 1392 3128 1176 0
w 3344 952 3304 952 0
w 3344 1144 3344 952 0
w 3032 1144 3344 1144 0
w 3032 1264 3032 1144 0
w 3040 1624 3032 1264 0
w 3192 1152 3192 952 0
w 3176 1152 3192 1152 0
w 3040 1152 3176 1152 0
w 3048 1600 3040 1152 0
w 3072 1096 3200 1096 0
w 3064 1136 3064 952 0
w 3024 1136 3064 1136 0
w 3032 1584 3024 1136 0
w 2928 952 2936 952 0
w 2928 1144 2928 952 0
w 3016 1144 2928 1144 0
w 3024 1568 3016 1144 0
w 2816 1096 2936 1096 0
w 2808 1152 2808 952 0
w 3008 1152 2808 1152 0
w 3016 1552 3008 1152 0
w 2672 952 2680 952 0
w 2672 1160 2672 952 0
w 2992 1160 2672 1160 0
w 3000 1536 2992 1160 0
w 2544 952 2552 952 0
w 2544 1168 2544 952 0
w 2976 1168 2544 1168 0
w 2984 1520 2976 1168 0
w 2432 1096 2536 1096 0
w 2424 1048 2424 952 0
w 2400 1048 2424 1048 0
w 2400 1176 2400 1048 0
w 2576 1176 2400 1176 0
w 2960 1176 2576 1176 0
w 2968 1504 2960 1176 0
w 2136 1096 2216 1096 0
w 2136 1208 2136 1096 0
w 2688 1208 2136 1208 0
w 2688 1640 2688 1208 0
w 2624 1640 2688 1640 0
w 2016 952 2248 952 0
w 2016 1184 2016 952 0
w 2240 1184 2016 1184 0
w 2872 1184 2240 1184 0
w 2872 1456 2872 1184 0
155 4728 952 4792 952 2 5
155 4856 952 4920 952 2 5
155 4984 952 5048 952 2 5
155 5112 952 5176 952 2 5
155 5368 952 5432 952 2 5
155 5496 952 5560 952 2 5
155 5240 952 5304 952 2 5
w 4824 952 4832 952 0
w 5080 952 5088 952 0
w 5208 952 5224 952 0
w 5336 952 5344 952 0
w 5464 952 5472 952 0
w 4840 952 4856 952 0
w 4840 952 4840 920 0
w 4952 952 4960 952 0
w 4968 952 4984 952 0
w 4968 952 4968 920 0
w 5096 952 5112 952 0
w 5096 952 5096 920 0
w 5224 952 5240 952 0
w 5224 952 5224 920 0
w 5352 952 5368 952 0
w 5352 952 5352 920 0
w 5480 952 5496 952 0
w 5480 952 5480 920 0
w 4664 952 4728 952 0
w 4728 1016 4728 1144 0
w 4856 1016 4856 1144 0
w 4984 1016 4984 1144 0
w 5112 1016 5112 1144 0
w 5240 1016 5240 1144 0
w 5368 1016 5368 1144 0
w 5496 1016 5496 1144 0
w 4728 984 4696 984 0
w 4696 984 4696 1096 0
w 4856 984 4840 984 0
w 4840 984 4840 1096 0
w 4984 984 4968 984 0
w 4968 984 4968 1096 0
w 5112 984 5096 984 0
w 5096 984 5096 1096 0
w 5240 984 5224 984 0
w 5224 984 5224 1096 0
w 5368 984 5352 984 0
w 5352 984 5352 1096 0
w 5496 984 5480 984 0
w 5480 984 5480 1096 0
w 4696 1096 4840 1096 0
w 4840 1096 4952 1096 0
w 4952 1096 4968 1096 0
w 4968 1096 5096 1096 0
w 5096 1096 5224 1096 0
w 5224 1096 5352 1096 0
w 5352 1096 5464 1096 0
w 5464 1096 5480 1096 0
w 4728 1144 4856 1144 0
w 4856 1144 4984 1144 0
w 4984 1144 5112 1144 0
w 5112 1144 5240 1144 0
w 5240 1144 5368 1144 0
w 5368 1144 5496 1144 0
w 4728 1144 4632 1144 0
w 4696 1096 4632 1096 0
x 4617 970 4677 973 4 10 Serial\sData\sin
x 4600 1100 4625 1103 4 10 Clock
x 4603 1148 4625 1151 4 10 reset
w 5592 952 5600 952 0
w 5608 952 5608 920 0
x 4822 928 4835 931 4 10 Q7
x 4943 924 4956 927 4 10 Q6
x 5075 922 5088 925 4 10 Q5
x 5202 923 5215 926 4 10 Q4
x 5325 921 5338 924 4 10 Q3
x 5455 917 5468 920 4 10 Q2
x 5585 916 5598 919 4 10 Q1
155 5624 952 5688 952 2 5
w 5608 952 5624 952 0
w 5624 984 5608 984 0
w 5608 984 5608 1096 0
w 5480 1096 5608 1096 0
w 5496 1144 5624 1144 0
w 5624 1144 5624 1016 0
w 5720 952 5720 920 0
x 5698 926 5711 929 4 10 Q0
x 4506 926 4519 929 4 10 Q0
w 4528 952 4528 920 0
w 4432 1144 4432 1016 0
w 4304 1144 4432 1144 0
w 4288 1096 4416 1096 0
w 4416 984 4416 1096 0
w 4432 984 4416 984 0
w 4416 952 4432 952 0
155 4432 952 4496 952 2 0
x 4393 916 4406 919 4 10 Q1
x 4263 917 4276 920 4 10 Q2
x 4133 921 4146 924 4 10 Q3
x 4010 923 4023 926 4 10 Q4
x 3883 922 3896 925 4 10 Q5
x 3751 924 3764 927 4 10 Q6
x 3630 928 3643 931 4 10 Q7
w 4416 952 4416 920 0
w 4400 952 4408 952 0
x 3411 1148 3433 1151 4 10 reset
x 3408 1100 3433 1103 4 10 Clock
x 3425 970 3485 973 4 10 Serial\sData\sin
w 3504 1096 3440 1096 0
w 3536 1144 3440 1144 0
w 4176 1144 4304 1144 0
w 4048 1144 4176 1144 0
w 3920 1144 4048 1144 0
w 3792 1144 3920 1144 0
w 3664 1144 3792 1144 0
w 3536 1144 3664 1144 0
w 4272 1096 4288 1096 0
w 4160 1096 4272 1096 0
w 4032 1096 4160 1096 0
w 3904 1096 4032 1096 0
w 3776 1096 3904 1096 0
w 3760 1096 3776 1096 0
w 3648 1096 3760 1096 0
w 3504 1096 3648 1096 0
w 4288 984 4288 1096 0
w 4304 984 4288 984 0
w 4160 984 4160 1096 0
w 4176 984 4160 984 0
w 4032 984 4032 1096 0
w 4048 984 4032 984 0
w 3904 984 3904 1096 0
w 3920 984 3904 984 0
w 3776 984 3776 1096 0
w 3792 984 3776 984 0
w 3648 984 3648 1096 0
w 3504 984 3504 1096 0
w 3536 984 3504 984 0
w 4304 1016 4304 1144 0
w 4176 1016 4176 1144 0
w 4048 1016 4048 1144 0
w 3920 1016 3920 1144 0
w 3792 1016 3792 1144 0
w 3664 1016 3664 1144 0
w 3536 1016 3536 1144 0
w 3472 952 3536 952 0
w 4288 952 4288 920 0
w 4288 952 4304 952 0
w 4160 952 4160 920 0
w 4160 952 4176 952 0
w 4032 952 4032 920 0
w 4032 952 4048 952 0
w 3904 952 3904 920 0
w 3904 952 3920 952 0
w 3776 952 3776 920 0
w 3776 952 3792 952 0
w 3760 952 3768 952 0
w 3648 952 3648 920 0
w 3648 952 3664 952 0
w 4272 952 4280 952 0
w 4144 952 4152 952 0
w 4016 952 4024 952 0
w 3888 952 3896 952 0
w 3632 952 3640 952 0
155 4048 952 4112 952 2 0
155 4304 952 4368 952 2 0
155 4176 952 4240 952 2 0
155 3920 952 3984 952 2 0
155 3792 952 3856 952 2 0
155 3664 952 3728 952 2 0
155 3536 952 3600 952 2 0
155 2312 952 2376 952 2 5
155 2440 952 2504 952 2 5
155 2568 952 2632 952 2 5
155 2696 952 2760 952 2 5
155 2952 952 3016 952 2 5
155 3080 952 3144 952 2 5
155 2824 952 2888 952 2 5
w 2408 952 2424 952 0
w 2664 952 2672 952 0
w 2792 952 2808 952 0
w 2920 952 2928 952 0
w 3048 952 3064 952 0
w 2424 952 2440 952 0
w 2424 952 2424 920 0
w 2536 952 2544 952 0
w 2552 952 2568 952 0
w 2552 952 2552 920 0
w 2680 952 2696 952 0
w 2680 952 2680 920 0
w 2808 952 2824 952 0
w 2808 952 2808 920 0
w 2936 952 2952 952 0
w 2936 952 2936 920 0
w 3064 952 3080 952 0
w 3064 952 3064 920 0
w 2248 952 2312 952 0
w 2312 1016 2312 1120 0
w 2440 1016 2440 1120 0
w 2568 1016 2568 1120 0
w 2696 1016 2696 1120 0
w 2824 1016 2824 1120 0
w 2952 1016 2952 1120 0
w 3080 1016 3080 1120 0
w 2312 984 2280 984 0
w 2280 984 2280 1096 0
w 2440 984 2432 984 0
w 2432 984 2432 1096 0
w 2568 984 2552 984 0
w 2552 984 2552 1096 0
w 2696 984 2680 984 0
w 2680 984 2680 1096 0
w 2824 984 2816 984 0
w 2816 984 2816 1096 0
w 2952 984 2936 984 0
w 2936 984 2936 1096 0
w 3080 984 3072 984 0
w 3072 984 3072 1096 0
w 2280 1096 2424 1096 0
w 2424 1096 2432 1096 0
w 2536 1096 2552 1096 0
w 2552 1096 2680 1096 0
w 2680 1096 2808 1096 0
w 2808 1096 2816 1096 0
w 2936 1096 3048 1096 0
w 3048 1096 3064 1096 0
w 2312 1120 2440 1120 0
w 2440 1120 2568 1120 0
w 2568 1120 2696 1120 0
w 2696 1120 2824 1120 0
w 2824 1120 2952 1120 0
w 2952 1120 3080 1120 0
w 2312 1120 2216 1120 0
w 2280 1096 2216 1096 0
x 2201 970 2261 973 4 10 Serial\sData\sin
x 2216 1090 2241 1093 4 10 Clock
x 2215 1134 2237 1137 4 10 reset
w 3176 952 3192 952 0
w 3192 952 3192 920 0
x 2406 928 2419 931 4 10 Q7
x 2527 924 2540 927 4 10 Q6
x 2659 922 2672 925 4 10 Q5
x 2786 923 2799 926 4 10 Q4
x 2909 921 2922 924 4 10 Q3
x 3039 917 3052 920 4 10 Q2
x 3169 916 3182 919 4 10 Q1
155 3208 952 3272 952 2 5
w 3192 952 3208 952 0
w 3208 984 3200 984 0
w 3200 984 3200 1096 0
w 3064 1096 3072 1096 0
w 3080 1120 3208 1120 0
w 3208 1120 3208 1016 0
w 3304 952 3304 920 0
x 3282 926 3295 929 4 10 Q0
w 2808 1200 4576 1208 0
w 2808 1816 2808 1200 0
w 3000 1816 2808 1816 0
w 3000 2280 3000 1816 0
w 2840 1392 3128 1392 0
w 2840 1832 2840 1392 0
w 2960 1832 2840 1832 0
w 2960 2312 2960 1832 0
w 2960 2312 2976 2312 0
w 2944 2152 2944 2344 0
w 2872 2152 2944 2152 0
w 2872 1456 2872 2152 0
196 3584 1720 3600 1720 2051 4
196 3584 1888 3600 1888 2051 4
196 3584 2056 3600 2056 2051 4
w 3040 1624 3040 2136 0
w 3040 2136 3584 2136 0
w 3216 1560 3216 2160 0
w 3216 2160 3584 2152 0
w 3352 2168 3584 2168 0
w 3352 1496 3352 2168 0
w 3048 1600 3048 2072 0
w 3048 2072 3584 2072 0
w 3224 1544 3216 2088 0
w 3216 2088 3584 2088 0
w 3368 1480 3368 2104 0
w 3368 2104 3584 2104 0
w 3032 1584 3056 1584 0
w 3056 1584 3056 1968 0
w 3056 1968 3584 1968 0
w 3200 1528 3232 1528 0
w 3232 1528 3232 1992 0
w 3232 1992 3584 1984 0
w 3376 1464 3376 2000 0
w 3376 2000 3584 2000 0
w 3024 1568 3064 1568 0
w 3064 1568 3064 1904 0
w 3064 1904 3584 1904 0
w 3192 1512 3240 1512 0
w 3240 1512 3240 1920 0
w 3240 1920 3584 1920 0
w 3384 1448 3384 1936 0
w 3384 1936 3584 1936 0
w 3016 1552 3072 1552 0
w 3072 1552 3072 1800 0
w 3072 1800 3584 1800 0
w 3184 1496 3248 1496 0
w 3248 1496 3248 1816 0
w 3248 1816 3584 1816 0
w 3392 1432 3392 1832 0
w 3392 1832 3584 1832 0
w 3000 1536 3080 1536 0
w 3080 1536 3080 1744 0
w 3080 1744 3584 1736 0
w 3176 1480 3256 1480 0
w 3256 1480 3256 1760 0
w 3256 1760 3584 1752 0
w 3400 1416 3400 1768 0
w 3400 1768 3584 1768 0
196 3584 1552 3600 1552 2051 4
w 2984 1520 3088 1520 0
w 3088 1520 3088 1632 0
w 3088 1632 3584 1632 0
w 2968 1504 3096 1504 0
w 3096 1504 3096 1568 0
w 3096 1568 3584 1568 0
w 3168 1464 3264 1464 0
w 3264 1464 3264 1648 0
w 3264 1648 3584 1648 0
w 3408 1400 3408 1664 0
w 3408 1664 3584 1664 0
w 3160 1448 3272 1448 0
w 3272 1448 3272 1584 0
w 3272 1584 3584 1584 0
w 3416 1384 3416 1600 0
w 3416 1600 3584 1600 0
196 3840 1632 3856 1632 2051 4
196 3840 1960 3856 1960 2051 4
w 3632 1600 3840 1648 0
w 3632 1616 3840 1664 0
w 3632 1632 3840 1680 0
w 3632 1768 3840 1712 0
w 3632 1784 3840 1728 0
w 3632 1800 3840 1744 0
w 3632 1936 3840 1976 0
w 3632 1952 3840 1992 0
w 3632 1968 3840 2008 0
w 3632 2104 3840 2040 0
w 3632 2120 3840 2056 0
w 3632 2136 3840 2072 0
w 3632 1648 3840 1696 0
w 3632 1816 3840 1760 0
w 3632 1984 3840 2024 0
w 3632 2152 3840 2088 0
196 4016 1760 4032 1760 2051 4
w 3888 1712 4016 1776 0
w 3888 1728 4016 1792 0
w 3888 1760 4016 1808 0
w 3888 2040 4016 1840 0
w 3888 2056 4016 1856 0
w 3888 2088 4016 1872 0
197 4384 1784 4536 1784 0
157 4856 1904 4896 1904 4097 7 1 1
g 4936 1888 4936 1856 0 0
g 4920 1984 4920 2024 0 0
w 4872 1888 4872 1744 0
w 4872 1744 4824 1744 0
w 4888 1888 4888 1776 0
w 4888 1776 4824 1776 0
w 4904 1888 4904 1808 0
w 4904 1808 4824 1808 0
w 4920 1888 4920 1840 0
w 4920 1840 4824 1840 0
w 4872 1984 4824 1984 0
w 4888 1984 4888 2016 0
w 4888 2016 4824 2016 0
w 4904 1984 4904 2048 0
w 4904 2048 4824 2048 0
r 4824 1744 4736 1744 0 1000
r 4824 1776 4736 1776 0 1000
r 4824 1808 4736 1808 0 1000
r 4824 1840 4736 1840 0 1000
r 4824 1984 4736 1984 0 1000
r 4824 2016 4736 2016 0 1000
r 4824 2048 4736 2048 0 1000
w 4512 1784 4512 1744 0
w 4512 1744 4736 1744 0
w 4512 1816 4552 1816 0
w 4552 1816 4552 1776 0
w 4552 1776 4736 1776 0
w 4512 1848 4592 1848 0
w 4592 1848 4592 1808 0
w 4592 1808 4736 1808 0
w 4512 1880 4632 1880 0
w 4632 1880 4632 1840 0
w 4632 1840 4736 1840 0
w 4512 1912 4736 1912 0
w 4736 1912 4736 1984 0
w 4512 1944 4696 1944 0
w 4696 1944 4696 2016 0
w 4696 2016 4736 2016 0
w 4512 1976 4648 1976 0
w 4648 1976 4648 2048 0
w 4648 2048 4736 2048 0
w 2336 1672 2384 1672 0
w 2336 1656 2336 1672 0
w 2336 1608 2336 1624 0
w 2384 1608 2336 1608 0
d 2336 1624 2336 1656 2 default
w 2448 1704 2448 1672 0
w 2448 1608 2384 1608 0
r 2384 1608 2384 1672 0 10000
w 2384 1584 2384 1608 0
r 2384 1544 2384 1584 0 100
w 2384 1672 2384 1704 0
c 2384 1704 2384 1768 4 0.001 4.366932938224647 0.001 0
g 2384 1768 2384 1784 0 0
w 2384 1544 2512 1544 0
165 2448 1576 2464 1576 6 4.9661114507475075
w 2512 1544 2576 1544 0
w 2576 1544 2576 1608 0
w 2624 1640 2576 1640 0
w 2384 1672 2432 1672 0
w 2432 1672 2448 1672 0
g 2544 1736 2544 1752 0 0
w 4224 1736 4384 1880 0
w 4224 1864 4384 1848 0
w 4224 1992 4384 1816 0
w 1904 1952 2064 1984 0
w 1784 1952 1904 1952 0
g 1784 2088 1784 2112 0 0
R 1784 1840 1696 1840 0 0 10 5 0 0 0.5
r 1784 2088 1784 1952 0 15000
374 1784 1840 1784 1952 0 0.9109 Light\sBrightness
r 2064 1984 2128 1984 0 15000
r 2128 1984 2192 1984 0 15000
c 2192 1984 2192 2080 4 0.000001 3.1355825912435282 0.001 0
a 2336 2000 2416 2000 9 15 -15 1000000 3.135551235731171 3.1355825912435282 100000
w 2192 1984 2336 1984 0
c 2224 1920 2288 1920 4 0.000001 0.00003135551316857388 0.001 0
w 2128 1984 2128 1920 0
w 2128 1920 2224 1920 0
w 2288 1920 2416 1920 0
w 2416 1920 2416 2000 0
w 2336 2048 2416 2048 0
w 2416 2048 2416 2000 0
g 2192 2080 2192 2112 0 0
w 2336 2048 2336 2016 0
w 2416 2000 2672 1960 0
w 2856 3128 2856 3024 0
w 3232 3128 2856 3128 0
w 3232 3296 3232 3128 0
w 3168 2344 3192 2344 0
w 3784 2624 3872 2624 0
w 3784 2552 3784 2624 0
w 3648 2552 3784 2552 0
w 3832 2592 3872 2592 0
w 3832 2520 3832 2592 0
w 3648 2520 3832 2520 0
w 3872 2488 3872 2560 0
w 3648 2488 3872 2488 0
w 3768 2416 3872 2416 0
w 3768 2456 3768 2416 0
w 3648 2456 3768 2456 0
w 3728 2384 3872 2384 0
w 3728 2424 3728 2384 0
w 3648 2424 3728 2424 0
w 3688 2352 3872 2352 0
w 3688 2392 3688 2352 0
w 3648 2392 3688 2392 0
w 3648 2320 3872 2320 0
w 3648 2360 3648 2320 0
g 3520 2360 3464 2360 0 0
197 3520 2360 3672 2360 0
r 3960 2624 3872 2624 0 1000
r 3960 2592 3872 2592 0 1000
r 3960 2560 3872 2560 0 1000
r 3960 2416 3872 2416 0 1000
r 3960 2384 3872 2384 0 1000
r 3960 2352 3872 2352 0 1000
r 3960 2320 3872 2320 0 1000
w 4040 2624 3960 2624 0
w 4040 2560 4040 2624 0
w 4024 2592 3960 2592 0
w 4024 2560 4024 2592 0
w 4008 2560 3960 2560 0
w 4056 2416 3960 2416 0
w 4056 2464 4056 2416 0
w 4040 2384 3960 2384 0
w 4040 2464 4040 2384 0
w 4024 2352 3960 2352 0
w 4024 2464 4024 2352 0
w 4008 2320 3960 2320 0
w 4008 2464 4008 2320 0
g 4056 2560 4056 2600 0 0
g 4072 2464 4072 2432 0 0
157 3992 2480 4032 2480 4097 7 1 1
w 3440 2392 3520 2392 0
w 3464 2424 3520 2424 0
a 2672 2080 2744 2080 10 5 0 1000000 4.375 3.135551235731171 100000
a 2672 2128 2744 2128 10 5 0 1000000 3.75 3.135551235731171 100000
a 2672 2176 2744 2176 10 5 0 1000000 3.124999999999999 3.135551235731171 100000
a 2672 2224 2744 2224 10 5 0 1000000 2.499999999999999 3.135551235731171 100000
a 2672 2272 2744 2272 10 5 0 1000000 1.8749999999999993 3.135551235731171 100000
a 2672 2320 2744 2320 10 5 0 1000000 1.2499999999999993 3.135551235731171 100000
a 2672 2368 2744 2368 10 5 0 1000000 0.6249999999999997 3.135551235731171 100000
r 2640 2024 2640 2072 0 1000
r 2640 2072 2640 2120 0 1000
r 2640 2120 2640 2168 0 1000
r 2640 2168 2640 2216 0 1000
r 2640 2216 2640 2264 0 1000
r 2640 2264 2640 2312 0 1000
r 2640 2312 2640 2360 0 1000
r 2640 2360 2640 2408 0 1000
R 2640 2024 2600 2024 0 0 40 5 0 0 0.5
w 2640 2072 2672 2072 0
w 2640 2120 2672 2120 0
w 2640 2168 2672 2168 0
w 2640 2216 2672 2216 0
w 2640 2264 2672 2264 0
w 2640 2312 2672 2312 0
w 2640 2360 2672 2360 0
w 2672 2088 2672 2136 0
w 2672 2136 2672 2184 0
w 2672 2184 2672 2232 0
w 2672 2232 2672 2280 0
w 2672 2280 2672 2328 0
w 2672 2328 2672 2376 0
w 2672 2088 2672 2040 0
g 2640 2408 2640 2416 0 0
154 2856 2384 2920 2384 1 7 5 5
w 2744 2368 2744 2408 0
w 2744 2408 2856 2408 0
w 2744 2320 2752 2320 0
w 2752 2320 2752 2400 0
w 2752 2400 2856 2400 0
w 2744 2272 2760 2272 0
w 2760 2272 2760 2392 0
w 2760 2392 2856 2392 0
w 2744 2224 2768 2224 0
w 2768 2224 2768 2384 0
w 2768 2384 2856 2384 0
w 2744 2176 2776 2176 0
w 2776 2176 2776 2376 0
w 2776 2376 2856 2376 0
w 2744 2128 2784 2128 0
w 2784 2128 2784 2368 0
w 2784 2368 2856 2368 0
w 2744 2080 2792 2080 0
w 2792 2080 2792 2360 0
w 2792 2360 2856 2360 0
154 2848 2312 2920 2312 1 3 0 5
w 2752 2320 2848 2320 0
w 2848 2312 2816 2312 0
w 2848 2304 2824 2304 0
w 2816 2312 2816 2224 0
w 2816 2224 2768 2224 0
w 2824 2304 2824 2128 0
w 2824 2128 2784 2128 0
w 2816 2224 2920 2224 0
w 2920 2384 2920 2344 0
w 2920 2224 2920 2280 0
w 2920 2280 2944 2280 0
w 2920 2312 2944 2312 0
w 2920 2344 2944 2344 0
w 2672 1960 2672 2040 0
w 2944 2312 2960 2312 0
w 2944 2344 2960 2344 0
w 3400 2392 3440 2392 0
155 3192 2280 3288 2280 2 5
155 3192 2424 3248 2424 2 0
155 3192 2568 3240 2568 2 5
w 2944 2280 3000 2280 0
w 3056 2424 3192 2424 0
w 3072 2568 3192 2568 0
w 3288 2280 3400 2280 0
w 3288 2424 3384 2424 0
w 3288 2568 3424 2568 0
w 3520 2568 3520 2456 0
155 2880 2704 2976 2704 2 5
155 2880 2856 2936 2856 2 0
155 2880 2992 2928 2992 2 5
w 3000 2280 3000 2624 0
w 3000 2624 2800 2624 0
w 2800 2624 2800 2704 0
w 2800 2704 2824 2704 0
w 2976 2312 2976 2600 0
w 2976 2600 2784 2600 0
w 2784 2600 2784 2856 0
w 2784 2856 2816 2856 0
w 2960 2344 2960 2576 0
w 2960 2576 2768 2576 0
w 2768 2576 2768 2992 0
w 2768 2992 2816 2992 0
w 2824 2704 2824 2808 0
w 2824 2808 3032 2808 0
w 3032 2808 3032 2720 0
w 3032 2720 3112 2720 0
w 2824 2704 2880 2704 0
w 2976 2704 3112 2704 0
w 2976 2856 3008 2856 0
w 2816 2856 2880 2856 0
w 2816 2856 2816 2944 0
w 2816 2944 3096 2944 0
w 3096 2944 3096 2872 0
w 3096 2872 3112 2872 0
w 2816 2992 2880 2992 0
w 2816 2992 2816 3088 0
w 2816 3088 3080 3088 0
w 3080 3088 3080 3008 0
w 3080 3008 3112 3008 0
w 2856 2768 2856 2888 0
w 2856 2888 2880 2888 0
w 2856 2888 2856 2920 0
w 2856 2920 2856 3024 0
w 2856 3024 2880 3024 0
w 2856 2736 2856 2768 0
w 2856 2736 2880 2736 0
w 3136 3264 3144 3264 0
g 3104 3392 3104 3408 0 0
w 2992 3328 3008 3328 0
w 2944 3328 2992 3328 0
w 3184 3296 3136 3296 0
165 3008 3232 3024 3232 6 0
w 2944 3200 3072 3200 0
g 2944 3424 2944 3440 0 0
c 2944 3360 2944 3424 4 0.001 0.5552823637013469 0.001 0
w 2944 3328 2944 3360 0
r 2944 3200 2944 3240 0 100
w 2944 3240 2944 3264 0
r 2944 3264 2944 3328 0 2620
w 3008 3264 2944 3264 0
w 3008 3360 3008 3328 0
d 2896 3280 2896 3312 2 default
w 2944 3264 2896 3264 0
w 2896 3264 2896 3280 0
w 2896 3312 2896 3328 0
w 2896 3328 2944 3328 0
w 3072 3200 3072 3168 0
w 3144 3264 3192 3264 0
w 3072 3200 3112 3200 0
w 3112 3200 3120 3200 0
w 3120 3200 3128 3200 0
w 3128 3200 3136 3200 0
154 3112 3000 3200 3000 1 2 0 5
154 3112 2864 3200 2864 1 2 0 5
154 3112 2712 3200 2712 1 2 0 5
R 2984 3168 2928 3168 0 0 40 5 0 0 0.5
w 3136 3200 3224 3264 0
w 3224 3264 3192 3264 0
w 3272 3296 3296 3296 0
w 3232 3296 3272 3296 0
w 3416 3520 3496 3520 0
I 3576 3520 3496 3520 0 0.5 5
w 3328 3424 3336 3424 0
w 3576 3424 3576 3520 0
w 3576 3424 3632 3424 0
w 3568 3512 3416 3512 0
w 3568 3392 3568 3512 0
w 3568 3392 3632 3392 0
w 3560 3504 3416 3504 0
w 3560 3360 3560 3504 0
w 3560 3360 3632 3360 0
w 3544 3496 3416 3496 0
w 3544 3328 3544 3496 0
w 3544 3328 3632 3328 0
w 3520 3488 3504 3488 0
w 3520 3296 3520 3488 0
w 3520 3296 3632 3296 0
w 3504 3488 3416 3488 0
150 3416 3504 3328 3504 1 5 0 5
w 3432 3424 3576 3424 0
w 3432 3392 3568 3392 0
w 3432 3360 3560 3360 0
w 3432 3328 3544 3328 0
w 3432 3296 3520 3296 0
419 3632 3296 3728 3296 0 5
164 3336 3296 3592 3296 0 5 0 5 0 0 5 false 0
w 3184 3296 3232 3296 0
w 2984 3168 3072 3168 0
w 3296 3296 3336 3296 0
w 3288 3424 3328 3424 0
w 3328 3504 3320 2712 0
w 3320 2712 3320 2672 0
w 3320 2672 3144 2672 0
w 3144 2672 3144 2600 0
w 3144 2312 3192 2312 0
w 3144 2456 3192 2456 0
152 3248 3032 3248 3152 1 3 0 5
w 3200 2712 3248 2712 0
w 3248 2712 3256 3032 0
w 3200 2864 3240 2864 0
w 3240 2864 3248 3032 0
w 3240 3032 3240 3000 0
w 3240 3000 3200 3000 0
w 3248 3152 3248 3376 0
152 3208 3424 3288 3424 1 2 0 5
w 3248 3376 3192 3376 0
w 3192 3376 3192 3416 0
w 3192 3416 3208 3416 0
w 3208 3432 3208 3496 0
w 3208 3496 3328 3504 0
w 2976 2704 2976 2640 0
w 2976 2640 3008 2640 0
w 3008 2640 3008 2376 0
w 3008 2376 3080 2376 0
w 3080 2376 3080 2280 0
w 3080 2280 3192 2280 0
w 3008 2856 3112 2856 0
w 3008 2856 3008 2672 0
w 3008 2672 3024 2672 0
w 3024 2672 3024 2424 0
w 3024 2424 3056 2424 0
w 2976 2992 3024 2992 0
w 3024 2992 3112 2992 0
w 3024 2992 3024 2688 0
w 3024 2688 3056 2688 0
w 3056 2688 3056 2568 0
w 3056 2568 3072 2568 0
w 3144 2456 3144 2312 0
w 3144 2600 3144 2456 0
w 3192 2600 3144 2600 0
164 1232 1360 1488 1360 0 6 0 5 5 0 0 5 false 0
419 1528 1360 1624 1360 0 6
w 1328 1360 1416 1360 0
w 1328 1392 1440 1392 0
w 1328 1424 1456 1424 0
w 1328 1456 1464 1456 0
w 1328 1488 1472 1488 0
150 1312 1576 1224 1576 1 6 0 5
w 1400 1552 1312 1552 0
w 1416 1360 1528 1360 0
w 1416 1360 1416 1552 0
w 1416 1552 1400 1552 0
w 1440 1392 1528 1392 0
w 1440 1392 1440 1560 0
w 1328 1560 1312 1560 0
w 1456 1424 1528 1424 0
w 1456 1424 1456 1568 0
w 1376 1568 1312 1568 0
w 1464 1456 1528 1456 0
w 1464 1456 1464 1584 0
w 1528 1600 1528 1520 0
w 1472 1488 1528 1488 0
w 1472 1488 1472 1592 0
I 1440 1560 1328 1560 0 0.5 5
w 1312 1584 1392 1584 0
w 1232 1360 1152 1360 0
w 1152 1360 1152 1672 0
w 1152 1672 1280 1672 0
w 1232 1520 1200 1520 0
w 1200 1520 1224 1576 0
w 1200 1704 1440 1704 0
w 1224 1576 1080 1576 0
w 1080 1576 1080 1680 0
w 1080 1680 512 1688 0
w 1328 1520 1528 1520 0
I 1456 1568 1376 1568 0 0.5 5
I 1464 1584 1392 1584 0 0.5 5
I 1472 1592 1312 1592 0 0.5 5
I 1528 1600 1312 1600 0 0.5 5
w 680 1712 1200 1704 0
w 3000 2280 3480 2752 0
w 2976 2312 3480 2808 0
w 2960 2344 3480 2856 0
w 3536 2752 3400 2392 0
w 3576 2808 3464 2424 0
w 3616 2856 3520 2568 0
s 3400 2280 3400 2392 0 0 false
s 3384 2424 3464 2424 0 0 false
s 3424 2568 3520 2568 0 0 false
s 3480 2752 3536 2752 0 1 false
s 3480 2808 3576 2808 0 1 false
s 3480 2856 3616 2856 0 1 false
w 680 1552 680 1712 0
o 639 1 0 4098 10 0.00078125 0 1
o 659 1 0 4098 5 0.00009765625 1 1
