$ 3 0.01 10.20027730826997 50 5 50 5e-11
w 3192 2600 3144 2600 0
w 3144 2600 3144 2456 0
w 3144 2456 3144 2312 0
w 3056 2568 3072 2568 0
w 3056 2688 3056 2568 0
w 3024 2688 3056 2688 0
w 3024 2992 3024 2688 0
w 3024 2992 3112 2992 0
w 2976 2992 3024 2992 0
w 3024 2424 3056 2424 0
w 3024 2672 3024 2424 0
w 3008 2672 3024 2672 0
w 3008 2856 3008 2672 0
w 3008 2856 3112 2856 0
w 3080 2280 3192 2280 0
w 3080 2376 3080 2280 0
w 3008 2376 3080 2376 0
w 3008 2640 3008 2376 0
w 2976 2640 3008 2640 0
w 2976 2704 2976 2640 0
w 3208 3496 3328 3504 0
w 3208 3432 3208 3496 0
w 3192 3416 3208 3416 0
w 3192 3376 3192 3416 0
w 3248 3376 3192 3376 0
152 3208 3424 3288 3424 1 2 0 5
w 3248 3152 3248 3376 0
w 3240 3000 3200 3000 0
w 3240 3032 3240 3000 0
w 3240 2864 3248 3032 0
w 3200 2864 3240 2864 0
w 3248 2712 3256 3032 0
w 3200 2712 3248 2712 0
152 3248 3032 3248 3152 1 3 0 5
w 3144 2456 3192 2456 0
w 3144 2312 3192 2312 0
w 3144 2672 3144 2600 0
w 3320 2672 3144 2672 0
w 3320 2712 3320 2672 0
w 3328 3504 3320 2712 0
w 3288 3424 3328 3424 0
w 3296 3296 3336 3296 0
w 2984 3168 3072 3168 0
w 3184 3296 3232 3296 0
164 3336 3296 3592 3296 0 5 0 5 5 0 0 false 0
419 3632 3296 3728 3296 0 5
w 3432 3296 3520 3296 0
w 3432 3328 3544 3328 0
w 3432 3360 3560 3360 0
w 3432 3392 3568 3392 0
w 3432 3424 3576 3424 0
150 3416 3504 3328 3504 1 5 0 5
w 3504 3488 3416 3488 0
w 3520 3296 3632 3296 0
w 3520 3296 3520 3488 0
w 3520 3488 3504 3488 0
w 3544 3328 3632 3328 0
w 3544 3328 3544 3496 0
w 3544 3496 3416 3496 0
w 3560 3360 3632 3360 0
w 3560 3360 3560 3504 0
w 3560 3504 3416 3504 0
w 3568 3392 3632 3392 0
w 3568 3392 3568 3512 0
w 3568 3512 3416 3512 0
w 3576 3424 3632 3424 0
w 3576 3424 3576 3520 0
w 3328 3424 3336 3424 0
I 3576 3520 3496 3520 0 0.5 5
w 3416 3520 3496 3520 0
w 3232 3296 3272 3296 0
w 3272 3296 3296 3296 0
w 3224 3264 3192 3264 0
w 3136 3200 3224 3264 0
R 2984 3168 2928 3168 0 0 40 5 0 0 0.5
154 3112 2712 3200 2712 1 2 0 5
154 3112 2864 3200 2864 1 2 0 5
154 3112 3000 3200 3000 1 2 0 5
w 3128 3200 3136 3200 0
w 3120 3200 3128 3200 0
w 3112 3200 3120 3200 0
w 3072 3200 3112 3200 0
w 3144 3264 3192 3264 0
w 3072 3200 3072 3168 0
w 2896 3328 2944 3328 0
w 2896 3312 2896 3328 0
w 2896 3264 2896 3280 0
w 2944 3264 2896 3264 0
d 2896 3280 2896 3312 2 default
w 3008 3360 3008 3328 0
w 3008 3264 2944 3264 0
r 2944 3264 2944 3328 0 10000
w 2944 3240 2944 3264 0
r 2944 3200 2944 3240 0 100
w 2944 3328 2944 3360 0
c 2944 3360 2944 3424 4 0.001 2.0485127449007514 0.001 0
g 2944 3424 2944 3440 0 0
w 2944 3200 3072 3200 0
165 3008 3232 3024 3232 6 0
w 3184 3296 3136 3296 0
w 2944 3328 2992 3328 0
w 2992 3328 3008 3328 0
g 3104 3392 3104 3408 0 0
w 3136 3264 3144 3264 0
w 2856 2736 2880 2736 0
w 2856 2736 2856 2768 0
w 2856 3024 2880 3024 0
w 2856 2920 2856 3024 0
w 2856 2888 2856 2920 0
w 2856 2888 2880 2888 0
w 2856 2768 2856 2888 0
w 2856 2656 2856 2736 0
w 3120 2656 2856 2656 0
w 3120 2600 3120 2656 0
w 3080 3008 3112 3008 0
w 3080 3088 3080 3008 0
w 2816 3088 3080 3088 0
w 2816 2992 2816 3088 0
w 2816 2992 2880 2992 0
w 3096 2872 3112 2872 0
w 3096 2944 3096 2872 0
w 2816 2944 3096 2944 0
w 2816 2856 2816 2944 0
w 2816 2856 2880 2856 0
w 2976 2856 3008 2856 0
w 2976 2704 3112 2704 0
w 2824 2704 2880 2704 0
w 3032 2720 3112 2720 0
w 3032 2808 3032 2720 0
w 2824 2808 3032 2808 0
w 2824 2704 2824 2808 0
w 2768 2992 2816 2992 0
w 2768 2576 2768 2992 0
w 2960 2576 2768 2576 0
w 2960 2344 2960 2576 0
w 2784 2856 2816 2856 0
w 2784 2600 2784 2856 0
w 2976 2600 2784 2600 0
w 2976 2312 2976 2600 0
w 2800 2704 2824 2704 0
w 2800 2624 2800 2704 0
w 3000 2624 2800 2624 0
w 3000 2280 3000 2624 0
155 2880 2992 2928 2992 2 0
155 2880 2856 2936 2856 2 5
155 2880 2704 2976 2704 2 5
w 3520 2568 3520 2456 0
w 3288 2568 3520 2568 0
w 3288 2424 3464 2424 0
w 3288 2280 3400 2280 0
w 3072 2568 3192 2568 0
w 3056 2424 3192 2424 0
w 2944 2280 3000 2280 0
155 3192 2568 3240 2568 2 5
155 3192 2424 3248 2424 2 5
155 3192 2280 3288 2280 2 0
w 3400 2392 3440 2392 0
w 3400 2280 3400 2392 0
w 2944 2344 2960 2344 0
w 2944 2312 2976 2312 0
w 2672 1960 2672 2040 0
w 2920 2344 2944 2344 0
w 2920 2312 2944 2312 0
w 2920 2280 2944 2280 0
w 2920 2224 2920 2280 0
w 2920 2384 2920 2344 0
w 2816 2224 2920 2224 0
w 2824 2128 2784 2128 0
w 2824 2304 2824 2128 0
w 2816 2224 2768 2224 0
w 2816 2312 2816 2224 0
w 2848 2304 2824 2304 0
w 2848 2312 2816 2312 0
w 2752 2320 2848 2320 0
154 2848 2312 2920 2312 1 3 5 5
w 2792 2360 2856 2360 0
w 2792 2080 2792 2360 0
w 2744 2080 2792 2080 0
w 2784 2368 2856 2368 0
w 2784 2128 2784 2368 0
w 2744 2128 2784 2128 0
w 2776 2376 2856 2376 0
w 2776 2176 2776 2376 0
w 2744 2176 2776 2176 0
w 2768 2384 2856 2384 0
w 2768 2224 2768 2384 0
w 2744 2224 2768 2224 0
w 2760 2392 2856 2392 0
w 2760 2272 2760 2392 0
w 2744 2272 2760 2272 0
w 2752 2400 2856 2400 0
w 2752 2320 2752 2400 0
w 2744 2320 2752 2320 0
w 2744 2408 2856 2408 0
w 2744 2368 2744 2408 0
154 2856 2384 2920 2384 1 7 0 5
g 2640 2408 2640 2416 0 0
w 2672 2088 2672 2040 0
w 2672 2328 2672 2376 0
w 2672 2280 2672 2328 0
w 2672 2232 2672 2280 0
w 2672 2184 2672 2232 0
w 2672 2136 2672 2184 0
w 2672 2088 2672 2136 0
w 2640 2360 2672 2360 0
w 2640 2312 2672 2312 0
w 2640 2264 2672 2264 0
w 2640 2216 2672 2216 0
w 2640 2168 2672 2168 0
w 2640 2120 2672 2120 0
w 2640 2072 2672 2072 0
R 2640 2024 2600 2024 0 0 40 5 0 0 0.5
r 2640 2360 2640 2408 0 1000
r 2640 2312 2640 2360 0 1000
r 2640 2264 2640 2312 0 1000
r 2640 2216 2640 2264 0 1000
r 2640 2168 2640 2216 0 1000
r 2640 2120 2640 2168 0 1000
r 2640 2072 2640 2120 0 1000
r 2640 2024 2640 2072 0 1000
a 2672 2368 2744 2368 10 5 0 1000000 0.6249999999999997 3.9537403143286287 100000
a 2672 2320 2744 2320 10 5 0 1000000 1.2499999999999993 3.9537403143286287 100000
a 2672 2272 2744 2272 10 5 0 1000000 1.8749999999999991 3.9537403143286287 100000
a 2672 2224 2744 2224 10 5 0 1000000 2.499999999999999 3.9537403143286287 100000
a 2672 2176 2744 2176 10 5 0 1000000 3.1249999999999996 3.9537403143286287 100000
a 2672 2128 2744 2128 10 5 0 1000000 3.75 3.9537403143286287 100000
a 2672 2080 2744 2080 10 5 0 1000000 4.375 3.9537403143286287 100000
w 3464 2424 3520 2424 0
w 3440 2392 3520 2392 0
157 3992 2480 4032 2480 4097 7 1 1
g 4072 2464 4072 2432 0 0
g 4056 2560 4056 2600 0 0
w 4008 2464 4008 2320 0
w 4008 2320 3960 2320 0
w 4024 2464 4024 2352 0
w 4024 2352 3960 2352 0
w 4040 2464 4040 2384 0
w 4040 2384 3960 2384 0
w 4056 2464 4056 2416 0
w 4056 2416 3960 2416 0
w 4008 2560 3960 2560 0
w 4024 2560 4024 2592 0
w 4024 2592 3960 2592 0
w 4040 2560 4040 2624 0
w 4040 2624 3960 2624 0
r 3960 2320 3872 2320 0 1000
r 3960 2352 3872 2352 0 1000
r 3960 2384 3872 2384 0 1000
r 3960 2416 3872 2416 0 1000
r 3960 2560 3872 2560 0 1000
r 3960 2592 3872 2592 0 1000
r 3960 2624 3872 2624 0 1000
197 3520 2360 3672 2360 0
g 3520 2360 3464 2360 0 0
w 3648 2360 3648 2320 0
w 3648 2320 3872 2320 0
w 3648 2392 3688 2392 0
w 3688 2392 3688 2352 0
w 3688 2352 3872 2352 0
w 3648 2424 3728 2424 0
w 3728 2424 3728 2384 0
w 3728 2384 3872 2384 0
w 3648 2456 3768 2456 0
w 3768 2456 3768 2416 0
w 3768 2416 3872 2416 0
w 3648 2488 3872 2488 0
w 3872 2488 3872 2560 0
w 3648 2520 3832 2520 0
w 3832 2520 3832 2592 0
w 3832 2592 3872 2592 0
w 3648 2552 3784 2552 0
w 3784 2552 3784 2624 0
w 3784 2624 3872 2624 0
w 3168 2344 3192 2344 0
w 3232 3296 3232 3128 0
w 3232 3128 2856 3128 0
w 2856 3128 2856 3024 0
w 2400 2104 2352 2104 0
w 2624 1960 2672 1960 0
w 2544 2008 2544 1976 0
g 2352 2104 2352 2136 0 0
w 2400 2040 2400 2104 0
w 2624 2008 2624 1960 0
w 2544 2008 2624 2008 0
w 2624 1880 2624 1960 0
w 2496 1880 2624 1880 0
w 2336 1880 2432 1880 0
w 2336 1944 2336 1880 0
c 2432 1880 2496 1880 4 1.0000000000000001e-7 0.000039537403142109184 0.001 0
w 2400 1944 2544 1944 0
a 2544 1960 2624 1960 9 15 -15 1000000 3.9537403143286287 3.953779851731772 100000
c 2400 1944 2400 2040 4 1.2e-7 3.953779851731772 0.001 0
r 2336 1944 2400 1944 0 160000
r 2272 1944 2336 1944 0 250000
a 2120 1944 2272 1944 9 15 -15 1000000 3.9537798517317673 3.9538193895302847 100000
r 1920 1928 2024 1928 0 10000
c 2056 1968 2056 2096 4 0.000001 3.9538193895302847 0.001 0
w 2024 1928 2120 1928 0
w 2056 1960 2056 1968 0
w 2120 1960 2120 2000 0
w 2120 2000 2232 2000 0
g 2056 2096 2056 2136 0 0
w 2232 2000 2272 1944 0
w 2056 1960 2024 1928 0
374 1800 1720 1800 1832 0 0.9604 Light\sBrightness
r 1800 1968 1800 1832 0 15000
R 1800 1720 1712 1720 0 0 40 5 0 0 0.5
g 1800 1968 1800 1992 0 0
w 1800 1832 1920 1832 0
w 1920 1832 1920 1928 0
o 99 64 0 4098 5 0.1 0 2 99 3
38 91 F1 0 1000 10000 -1 Timer
